prefix         , Brute          , Binary         , Trie
          -------------------------------------------------------------------
               ,    6.93610e-04,     4.19730e-04,     1.90499e-06
kh_4           ,    3.61619e-03,     1.90263e-06,     3.54330e-06
k_4            ,    3.62048e-03,     1.86543e-05,     8.27449e-06
k_7            ,    3.61803e-03,     2.00795e-05,     1.30066e-05
notarealword_7 ,    3.48003e-03,     1.26344e-06,     1.73009e-07
notarealword_1 ,    3.46867e-03,     1.90560e-06,     1.84072e-07
kh_7           ,    3.60119e-03,     2.15309e-06,     5.83117e-06
notarealword_4 ,    3.46070e-03,     1.29156e-06,     2.28225e-07
notarealword   ,    4.24253e-03,     1.53897e-06,     1.79474e-07
khombu         ,    3.77608e-03,     9.75004e-06,     1.83826e-07
k              ,    6.15100e-04,     6.70733e-06,     1.21901e-06
_1             ,    4.30342e-03,     1.00850e-03,     1.11921e-05
_4             ,    4.27334e-03,     9.95350e-04,     2.33873e-05
_7             ,    4.27001e-03,     9.95110e-04,     6.01503e-05
khombu_7       ,    4.19098e-03,     1.10349e-06,     6.41968e-07
k_1            ,    3.62577e-03,     1.77574e-05,     2.10157e-05
kh             ,    6.72093e-04,     1.52323e-06,     4.10326e-07
khombu_4       ,    4.18657e-03,     1.11111e-06,     6.44088e-07
kh_1           ,    3.60211e-03,     1.65377e-06,     2.82365e-06
khombu_1      ,     4.19350e-03,     1.12253e-06,     7.00937e-07
